a
0 0 0 0 0 1 1 0 0 0 0 0 
0 0 0 0 1 0 0 1 0 0 0 0 
0 0 0 1 0 0 0 0 1 0 0 0 
0 0 1 0 0 0 0 0 0 1 0 0 
0 1 0 0 0 0 0 0 0 0 1 0 
1 0 0 0 0 0 0 0 0 0 0 1 
1 0 0 0 0 0 0 0 0 0 0 1 
1 0 0 0 0 0 0 0 0 0 0 1 
1 1 1 1 1 1 1 1 1 1 1 1 
1 0 0 0 0 0 0 0 0 0 0 1 
1 0 0 0 0 0 0 0 0 0 0 1 
1 0 0 0 0 0 0 0 0 0 0 1  

b
0 0 0 1 0 0 0 0 0 0 0 0 
0 0 0 1 0 0 0 0 0 0 0 0 
0 0 0 1 0 0 0 0 0 0 0 0 
0 0 0 1 0 0 0 0 0 0 0 0 
0 0 0 1 0 0 0 0 0 0 0 0 
0 0 0 1 0 1 1 1 1 0 0 0 
0 0 0 1 1 0 0 0 0 1 0 0 
0 0 0 1 0 0 0 0 0 0 1 0 
0 0 0 1 0 0 0 0 0 0 1 0 
0 0 0 1 1 0 0 0 0 0 1 0 
0 0 0 1 0 1 0 0 0 1 0 0 
0 0 0 1 0 0 1 1 1 0 0 0

c
0 0 0 0 1 1 1 1 0 0 0 0 
0 0 0 1 0 0 0 0 1 0 0 0 
0 0 1 0 0 0 0 0 0 1 0 0 
0 1 0 0 0 0 0 0 0 0 0 0 
1 0 0 0 0 0 0 0 0 0 0 0 
1 0 0 0 0 0 0 0 0 0 0 0 
1 0 0 0 0 0 0 0 0 0 0 0 
1 0 0 0 0 0 0 0 0 0 0 0 
0 1 0 0 0 0 0 0 0 0 0 0 
0 0 1 0 0 0 0 0 0 1 0 0 
0 0 0 1 0 0 0 0 1 0 0 0 
0 0 0 0 1 1 1 1 0 0 0 0

d
0 0 0 0 0 0 0 0 1 0 0 0 
0 0 0 0 0 0 0 0 1 0 0 0 
0 0 0 0 0 0 0 0 1 0 0 0 
0 0 0 0 0 0 0 0 1 0 0 0 
0 0 0 0 0 0 0 0 1 0 0 0 
0 0 0 0 1 1 1 0 1 0 0 0 
0 0 0 1 0 0 0 1 1 0 0 0 
0 0 1 0 0 0 0 0 1 0 0 0 
0 0 1 0 0 0 0 0 1 0 0 0 
0 0 1 0 0 0 0 0 1 0 0 0 
0 0 0 1 0 0 0 1 1 0 0 0 
0 0 0 0 1 1 1 0 1 0 0 0 

e
0 1 1 1 1 1 1 1 1 1 0 0 
1 0 0 0 0 0 0 0 0 0 0 0 
1 0 0 0 0 0 0 0 0 0 0 0 
1 0 0 0 0 0 0 0 0 0 0 0 
1 0 0 0 0 0 0 0 0 0 0 0 
1 1 1 1 1 1 0 0 0 0 0 0 
1 0 0 0 0 0 0 0 0 0 0 0 
1 0 0 0 0 0 0 0 0 0 0 0 
1 0 0 0 0 0 0 0 0 0 0 0 
1 0 0 0 0 0 0 0 0 0 0 0 
1 0 0 0 0 0 0 0 0 0 0 0 
0 1 1 1 1 1 1 1 1 1 0 0

f
0 1 1 1 1 1 1 1 1 1 1 0 
0 1 1 0 0 0 0 0 0 0 0 0 
0 1 1 0 0 0 0 0 0 0 0 0 
0 1 1 0 0 0 0 0 0 0 0 0 
0 1 1 1 1 1 1 1 0 0 0 0 
0 1 1 1 1 1 1 1 0 0 0 0 
0 1 1 0 0 0 0 0 0 0 0 0 
0 1 1 0 0 0 0 0 0 0 0 0 
0 1 1 0 0 0 0 0 0 0 0 0 
0 1 1 0 0 0 0 0 0 0 0 0 
0 1 1 0 0 0 0 0 0 0 0 0 
0 1 1 0 0 0 0 0 0 0 0 0

g
0 0 0 1 1 1 1 1 0 0 0 0 
0 0 1 0 0 0 0 0 1 0 0 0 
0 1 0 0 0 0 0 0 0 0 0 0 
1 0 0 0 0 0 0 0 0 0 0 0 
1 0 0 0 0 0 0 0 0 0 0 0 
1 0 0 0 0 0 0 0 0 0 0 0 
1 0 0 0 0 0 0 0 0 0 0 0 
1 0 0 0 0 1 1 1 1 1 1 1 
1 0 0 0 0 0 0 0 1 0 0 0 
0 1 0 0 0 0 0 0 1 0 0 0 
0 0 1 0 0 0 0 1 0 0 0 0 
0 0 0 1 1 1 1 0 0 0 0 0

h
1 0 0 0 0 0 0 0 0 0 0 1 
1 0 0 0 0 0 0 0 0 0 0 1 
1 0 0 0 0 0 0 0 0 0 0 1 
1 0 0 0 0 0 0 0 0 0 0 1 
1 0 0 0 0 0 0 0 0 0 0 1 
1 0 0 0 0 0 0 0 0 0 0 1 
1 1 1 1 1 1 1 1 1 1 1 1 
1 0 0 0 0 0 0 0 0 0 0 1 
1 0 0 0 0 0 0 0 0 0 0 1 
1 0 0 0 0 0 0 0 0 0 0 1 
1 0 0 0 0 0 0 0 0 0 0 1 
1 0 0 0 0 0 0 0 0 0 0 1

i
0 0 0 1 1 1 1 1 1 0 0 0 
0 0 0 0 0 1 1 0 0 0 0 0 
0 0 0 0 0 1 1 0 0 0 0 0 
0 0 0 0 0 1 1 0 0 0 0 0 
0 0 0 0 0 1 1 0 0 0 0 0 
0 0 0 0 0 1 1 0 0 0 0 0 
0 0 0 0 0 1 1 0 0 0 0 0 
0 0 0 0 0 1 1 0 0 0 0 0 
0 0 0 0 0 1 1 0 0 0 0 0 
0 0 0 0 0 1 1 0 0 0 0 0 
0 0 0 0 0 1 1 0 0 0 0 0 
0 0 0 1 1 1 1 1 1 0 0 0

j
0 0 0 0 0 0 1 1 1 1 1 1 
0 0 0 0 0 0 0 0 1 1 0 0 
0 0 0 0 0 0 0 0 1 1 0 0 
0 0 0 0 0 0 0 0 1 1 0 0 
0 0 0 0 0 0 0 0 1 1 0 0 
0 0 0 0 0 0 0 0 1 1 0 0 
0 0 0 0 0 0 0 0 1 1 0 0 
0 0 0 0 0 0 0 0 1 1 0 0 
0 0 0 0 0 0 0 0 1 1 0 0 
0 0 1 1 0 0 0 1 1 0 0 0 
0 0 0 1 1 0 1 1 0 0 0 0 
0 0 0 0 1 1 1 0 0 0 0 0

k
0 0 0 1 0 0 0 0 1 0 0 0 
0 0 0 1 0 0 0 1 0 0 0 0 
0 0 0 1 0 0 1 0 0 0 0 0 
0 0 0 1 0 1 0 0 0 0 0 0 
0 0 0 1 1 0 0 0 0 0 0 0 
0 0 0 1 0 1 0 0 0 0 0 0 
0 0 0 1 0 0 1 0 0 0 0 0 
0 0 0 1 0 0 0 1 0 0 0 0 
0 0 0 1 0 0 0 0 1 0 0 0 
0 0 0 1 0 0 0 0 0 1 0 0 
0 0 0 1 0 0 0 0 0 0 1 0 
0 0 0 1 0 0 0 0 0 0 0 1

l
0 0 0 1 1 0 0 0 0 0 0 0 
0 0 0 1 1 0 0 0 0 0 0 0 
0 0 0 1 1 0 0 0 0 0 0 0 
0 0 0 1 1 0 0 0 0 0 0 0 
0 0 0 1 1 0 0 0 0 0 0 0 
0 0 0 1 1 0 0 0 0 0 0 0 
0 0 0 1 1 0 0 0 0 0 0 0 
0 0 0 1 1 0 0 0 0 0 0 0 
0 0 0 1 1 0 0 0 0 0 0 0 
0 0 0 1 1 0 0 0 0 0 0 0 
0 0 0 1 1 1 1 1 1 1 1 0 
0 0 0 1 1 1 1 1 1 1 1 0

m
1 1 0 0 0 0 0 0 0 0 1 1 
1 0 1 0 0 0 0 0 0 1 0 1 
1 0 0 1 0 0 0 0 1 0 0 1 
1 0 0 0 1 0 0 1 0 0 0 1 
1 0 0 0 0 1 1 0 0 0 0 1 
1 0 0 0 0 0 0 0 0 0 0 1 
1 0 0 0 0 0 0 0 0 0 0 1 
1 0 0 0 0 0 0 0 0 0 0 1 
1 0 0 0 0 0 0 0 0 0 0 1 
1 0 0 0 0 0 0 0 0 0 0 1 
1 0 0 0 0 0 0 0 0 0 0 1 
1 0 0 0 0 0 0 0 0 0 0 1

n
1 0 0 0 0 0 0 0 0 0 0 1 
1 1 0 0 0 0 0 0 0 0 0 1 
1 0 1 0 0 0 0 0 0 0 0 1 
1 0 0 1 0 0 0 0 0 0 0 1 
1 0 0 0 1 0 0 0 0 0 0 1 
1 0 0 0 0 1 0 0 0 0 0 1 
1 0 0 0 0 0 1 0 0 0 0 1 
1 0 0 0 0 0 0 1 0 0 0 1 
1 0 0 0 0 0 0 0 1 0 0 1 
1 0 0 0 0 0 0 0 0 1 0 1 
1 0 0 0 0 0 0 0 0 0 1 1 
1 0 0 0 0 0 0 0 0 0 0 1

o
0 0 0 1 1 1 1 1 1 0 0 0 
0 0 1 0 0 0 0 0 0 1 0 0 
0 1 0 0 0 0 0 0 0 0 1 0 
1 0 0 0 0 0 0 0 0 0 0 1 
1 0 0 0 0 0 0 0 0 0 0 1 
1 0 0 0 0 0 0 0 0 0 0 1 
1 0 0 0 0 0 0 0 0 0 0 1 
1 0 0 0 0 0 0 0 0 0 0 1 
1 0 0 0 0 0 0 0 0 0 0 1 
0 1 0 0 0 0 0 0 0 0 1 0 
0 0 1 0 0 0 0 0 0 1 0 0 
0 0 0 1 1 1 1 1 1 0 0 0

p
0 1 1 1 1 1 0 0 0 0 0 0 
0 1 0 0 0 1 1 0 0 0 0 0 
0 1 0 0 0 0 1 1 0 0 0 0 
0 1 0 0 0 0 0 1 0 0 0 0 
0 1 0 0 0 0 0 1 0 0 0 0 
0 1 0 0 0 0 1 1 0 0 0 0 
0 1 0 0 0 1 1 0 0 0 0 0 
0 1 1 1 1 0 0 0 0 0 0 0 
0 1 0 0 0 0 0 0 0 0 0 0 
0 1 0 0 0 0 0 0 0 0 0 0 
0 1 0 0 0 0 0 0 0 0 0 0 
0 1 0 0 0 0 0 0 0 0 0 0

q
0 0 0 0 1 1 1 1 0 0 0 0 
0 0 0 1 0 0 0 0 1 0 0 0 
0 0 1 0 0 0 0 0 0 1 0 0 
0 1 0 0 0 0 0 0 0 0 1 0 
0 1 0 0 0 0 0 0 0 0 1 0 
0 1 0 0 0 0 0 0 0 0 1 0 
0 1 0 0 0 0 1 0 0 0 1 0 
0 0 1 0 0 0 0 1 0 1 0 0 
0 0 0 1 0 0 0 0 1 0 0 0 
0 0 0 0 1 1 1 1 0 1 0 0 
0 0 0 0 0 0 0 0 0 0 1 0 
0 0 0 0 0 0 0 0 0 0 0 1

r
0 0 0 1 1 1 1 0 0 0 0 0 
0 0 0 1 0 0 0 1 0 0 0 0 
0 0 0 1 0 0 0 0 1 0 0 0 
0 0 0 1 0 0 0 0 1 0 0 0 
0 0 0 1 0 0 0 0 1 0 0 0 
0 0 0 1 0 0 0 1 0 0 0 0 
0 0 0 1 1 1 1 0 0 0 0 0 
0 0 0 1 0 0 0 1 0 0 0 0 
0 0 0 1 0 0 0 0 1 0 0 0 
0 0 0 1 0 0 0 0 0 1 0 0 
0 0 0 1 0 0 0 0 0 0 1 0 
0 0 0 1 0 0 0 0 0 0 0 1

s
0 0 0 0 1 1 1 1 1 0 0 0 
0 0 0 1 0 0 0 0 0 1 0 0 
0 0 1 0 0 0 0 0 0 0 0 0 
0 0 1 0 0 0 0 0 0 0 0 0 
0 0 0 1 0 0 0 0 0 0 0 0 
0 0 0 0 1 0 0 0 0 0 0 0 
0 0 0 0 0 1 1 1 0 0 0 0 
0 0 0 0 0 0 0 0 1 0 0 0 
0 0 0 0 0 0 0 0 0 1 0 0 
0 0 0 0 0 0 0 0 0 1 0 0 
0 0 1 0 0 0 0 1 1 0 0 0 
0 0 0 1 1 1 1 0 0 0 0 0

t
0 0 0 0 0 1 1 0 0 0 0 0 
0 0 0 0 0 1 1 0 0 0 0 0 
0 0 0 0 0 1 1 0 0 0 0 0 
0 0 1 1 1 1 1 1 1 1 0 0 
0 0 0 0 0 1 1 0 0 0 0 0 
0 0 0 0 0 1 1 0 0 0 0 0 
0 0 0 0 0 1 1 0 0 0 0 0 
0 0 0 0 0 1 1 0 0 0 0 0 
0 0 0 0 0 1 1 0 0 0 0 0 
0 0 0 0 0 1 1 0 0 0 0 0 
0 0 0 0 0 0 1 1 0 0 0 0 
0 0 0 0 0 0 0 1 1 0 0 0

u
0 0 1 0 0 0 0 0 0 0 1 0 
0 0 1 0 0 0 0 0 0 0 1 0 
0 0 1 0 0 0 0 0 0 0 1 0 
0 0 1 0 0 0 0 0 0 0 1 0 
0 0 1 0 0 0 0 0 0 0 1 0 
0 0 1 0 0 0 0 0 0 0 1 0 
0 0 1 0 0 0 0 0 0 0 1 0 
0 0 1 0 0 0 0 0 0 0 1 0 
0 0 1 1 0 0 0 0 0 1 1 0 
0 0 0 1 1 0 0 0 1 1 0 0 
0 0 0 0 1 1 1 1 1 0 0 0 
0 0 0 0 0 1 1 1 0 0 0 0

v
1 0 0 0 0 0 0 0 0 0 0 1 
1 0 0 0 0 0 0 0 0 0 0 1 
1 0 0 0 0 0 0 0 0 0 0 1 
1 0 0 0 0 0 0 0 0 0 0 1 
1 0 0 0 0 0 0 0 0 0 0 1 
1 0 0 0 0 0 0 0 0 0 0 1 
1 0 0 0 0 0 0 0 0 0 0 1 
0 1 0 0 0 0 0 0 0 0 1 0 
0 0 1 0 0 0 0 0 0 1 0 0 
0 0 0 1 0 0 0 0 1 0 0 0 
0 0 0 0 1 0 0 1 0 0 0 0 
0 0 0 0 0 1 1 0 0 0 0 0

w
1 0 0 0 0 0 0 0 0 0 0 1 
1 0 0 0 0 0 0 0 0 0 0 1 
1 0 0 0 0 0 0 0 0 0 0 1 
1 0 0 0 0 0 0 0 0 0 0 1 
1 0 0 0 0 0 0 0 0 0 0 1 
1 0 0 0 0 0 1 0 0 0 0 1 
1 0 0 0 0 1 1 1 0 0 0 1 
1 0 0 0 1 0 0 1 0 0 0 1 
1 0 0 1 0 0 0 0 1 0 0 1 
1 0 1 0 0 0 0 0 0 1 0 1 
1 1 0 0 0 0 0 0 0 0 1 1 
1 0 0 0 0 0 0 0 0 0 0 1

x
1 0 0 0 0 0 0 0 0 0 0 1 
0 1 0 0 0 0 0 0 0 0 1 0 
0 0 1 0 0 0 0 0 0 1 0 0 
0 0 0 1 0 0 0 0 1 0 0 0 
0 0 0 0 1 0 0 1 0 0 0 0 
0 0 0 0 0 1 1 0 0 0 0 0 
0 0 0 0 0 1 1 0 0 0 0 0 
0 0 0 0 1 0 0 1 0 0 0 0 
0 0 0 1 0 0 0 0 1 0 0 0 
0 0 1 0 0 0 0 0 0 1 0 0 
0 1 0 0 0 0 0 0 0 0 1 0 
1 0 0 0 0 0 0 0 0 0 0 1

y
1 0 0 0 0 0 0 0 0 0 0 1 
0 1 0 0 0 0 0 0 0 0 1 0 
0 0 1 0 0 0 0 0 0 1 0 0 
0 0 0 1 0 0 0 0 1 0 0 0 
0 0 0 0 1 0 0 1 0 0 0 0 
0 0 0 0 0 1 1 0 0 0 0 0 
0 0 0 0 0 1 1 0 0 0 0 0 
0 0 0 0 0 1 1 0 0 0 0 0 
0 0 0 0 0 1 1 0 0 0 0 0 
0 0 0 0 0 1 1 0 0 0 0 0 
0 0 0 0 0 1 1 0 0 0 0 0 
0 0 0 0 0 1 1 0 0 0 0 0

z
1 1 1 1 1 1 1 1 1 1 1 1 
0 0 0 0 0 0 0 0 0 0 1 0 
0 0 0 0 0 0 0 0 0 1 0 0 
0 0 0 0 0 0 0 0 1 0 0 0 
0 0 0 0 0 0 0 1 0 0 0 0 
0 0 0 0 0 0 1 0 0 0 0 0 
0 0 0 0 0 1 0 0 0 0 0 0 
0 0 0 0 1 0 0 0 0 0 0 0 
0 0 0 1 0 0 0 0 0 0 0 0 
0 0 1 0 0 0 0 0 0 0 0 0 
0 1 0 0 0 0 0 0 0 0 0 0 
1 1 1 1 1 1 1 1 1 1 1 1

blank (random)
0.7577	0.7431	0.3922	0.6554	0.1711	0.7060	0.0318	0.2769	0.0461	0.0971	0.8234	0.6948	
0.3170	0.9502	0.0344	0.4387	0.3815	0.7655	0.7951	0.1868	0.4897	0.4455	0.6463	0.7093	
0.7546	0.2760	0.6797	0.6550	0.1626	0.1189	0.4983	0.9597	0.3403	0.5852	0.2238	0.7512	
0.2550	0.5059	0.6990	0.8909	0.9592	0.5472	0.1386	0.1492	0.2575	0.8407	0.2542	0.8142	
0.2435	0.9292	0.3499	0.1965	0.2510	0.6160	0.4732	0.3516	0.8308	0.5852	0.5497	0.9171	
0.2858	0.7572	0.7537	0.3804	0.5678	0.0758	0.0539	0.5307	0.7791	0.9340	0.1299	0.5688	
0.4693	0.0119	0.3371	0.1621	0.7942	0.3112	0.5285	0.1656	0.6019	0.2629	0.6540	0.6892	
0.7481	0.4505	0.0838	0.2289	0.9133	0.1523	0.8258	0.5383	0.9961	0.0781	0.4426	0.1066	
0.9618	0.0046	0.7749	0.8173	0.8686	0.0844	0.3997	0.2598	0.8000	0.4314	0.9106	0.1818	
0.2638	0.1455	0.1360	0.8692	0.5797	0.5498	0.1449	0.8530	0.6220	0.3509	0.5132	0.4018	
0.0759	0.2399	0.1233	0.1839	0.2399	0.4172	0.0496	0.9027	0.9447	0.4908	0.4892	0.3377	
0.9000	0.3692	0.1112	0.7802	0.3897	0.24163	0.4039	0.0964	0.1319	0.9420	0.9561	0.5752
